%YAML:1.0
---
camera_matrix: !!opencv-matrix
   rows: 3
   cols: 3
   dt: d
   data: [ 268.04625199999998, 0., 653.22107100000005, 0.,
       268.04625199999998, 479.12145299999997, 0., 0., 1. ]
dist_coeffs: !!opencv-matrix
   rows: 4
   cols: 1
   dt: d
   data: [ -0.001366, 0., 0., 0. ]
resolution: !!opencv-matrix
   rows: 2
   cols: 1
   dt: d
   data: [ 1280., 960. ]
project_matrix: !!opencv-matrix
   rows: 3
   cols: 3
   dt: d
   data: [ -4.524626113556395, 7.3809123760560107, -644.8549235770829,
       -5.8159333105875302, 6.1937655884057365, 125.82543327303188,
       -0.0091743390016735902, 0.010261423719009359, 1. ]
scale_xy: !!opencv-matrix
   rows: 2
   cols: 1
   dt: f
   data: [ 1., 1. ]
shift_xy: !!opencv-matrix
   rows: 2
   cols: 1
   dt: f
   data: [ 0., 0. ]
