%YAML:1.0
---
camera_matrix: !!opencv-matrix
   rows: 3
   cols: 3
   dt: d
   data: [ 268.04625199999998, 0., 653.22107100000005, 0.,
       268.04625199999998, 479.12145299999997, 0., 0., 1. ]
dist_coeffs: !!opencv-matrix
   rows: 4
   cols: 1
   dt: d
   data: [ -0.001366, 0., 0., 0. ]
resolution: !!opencv-matrix
   rows: 2
   cols: 1
   dt: d
   data: [ 1280., 960. ]
project_matrix: !!opencv-matrix
   rows: 3
   cols: 3
   dt: d
   data: [ -8.0683310876516288, 14.993597411329837, -1712.2233111343942,
       -13.498994848678677, 15.601469705916729, 45.098372009994627,
       -0.017133415780156598, 0.022576315095550911, 1. ]
scale_xy: !!opencv-matrix
   rows: 2
   cols: 1
   dt: f
   data: [ 1., 1. ]
shift_xy: !!opencv-matrix
   rows: 2
   cols: 1
   dt: f
   data: [ 0., 0. ]
