%YAML:1.0
---
camera_matrix: !!opencv-matrix
   rows: 3
   cols: 3
   dt: d
   data: [ 268.04625199999998, 0., 653.22107100000005, 0.,
       268.04625199999998, 479.12145299999997, 0., 0., 1. ]
dist_coeffs: !!opencv-matrix
   rows: 4
   cols: 1
   dt: d
   data: [ -0.001366, 0., 0., 0. ]
resolution: !!opencv-matrix
   rows: 2
   cols: 1
   dt: d
   data: [ 1280., 960. ]
project_matrix: !!opencv-matrix
   rows: 3
   cols: 3
   dt: d
   data: [ -3.6300785027564002, 8.2289436835297636, -755.91400381936853,
       -8.2080486957287881, 11.822913347422263, -1222.1140491172059,
       -0.011877790061653437, 0.015242058856186619, 1. ]
scale_xy: !!opencv-matrix
   rows: 2
   cols: 1
   dt: f
   data: [ 1., 1. ]
shift_xy: !!opencv-matrix
   rows: 2
   cols: 1
   dt: f
   data: [ 0., 0. ]
