%YAML:1.0
---
camera_matrix: !!opencv-matrix
   rows: 3
   cols: 3
   dt: d
   data: [ 268.04625199999998, 0., 653.22107100000005, 0.,
       268.04625199999998, 479.12145299999997, 0., 0., 1. ]
dist_coeffs: !!opencv-matrix
   rows: 4
   cols: 1
   dt: d
   data: [ -0.001366, 0., 0., 0. ]
resolution: !!opencv-matrix
   rows: 2
   cols: 1
   dt: d
   data: [ 1280., 960. ]
project_matrix: !!opencv-matrix
   rows: 3
   cols: 3
   dt: d
   data: [ -0.31916252930851535, -1.7191715575379858, 1261.8434649303472,
       0.32534394136899564, -2.0329451084129611, 1373.7011370209907,
       -1.583790725927343e-06, -0.001600711873409565, 1. ]
scale_xy: !!opencv-matrix
   rows: 2
   cols: 1
   dt: f
   data: [ 1., 1. ]
shift_xy: !!opencv-matrix
   rows: 2
   cols: 1
   dt: f
   data: [ 0., 0. ]
