%YAML:1.0
---
camera_matrix: !!opencv-matrix
   rows: 3
   cols: 3
   dt: d
   data: [ 268.04625199999998, 0., 653.22107100000005, 0.,
       268.04625199999998, 479.12145299999997, 0., 0., 1. ]
dist_coeffs: !!opencv-matrix
   rows: 4
   cols: 1
   dt: d
   data: [ -0.001366, 0., 0., 0. ]
resolution: !!opencv-matrix
   rows: 2
   cols: 1
   dt: d
   data: [ 1280., 960. ]
project_matrix: !!opencv-matrix
   rows: 3
   cols: 3
   dt: d
   data: [ -0.28928899957288118, -2.6362341260391808, 1277.4381084393269,
       0.75644997244462353, -2.8848146673362653, 1101.378808880417,
       0.0018227974765926494, -0.0045196311550646491, 1. ]
scale_xy: !!opencv-matrix
   rows: 2
   cols: 1
   dt: f
   data: [ 1., 1. ]
shift_xy: !!opencv-matrix
   rows: 2
   cols: 1
   dt: f
   data: [ 0., 0. ]
