%YAML:1.0
---
resolution: !!opencv-matrix
   rows: 2
   cols: 1
   dt: i
   data: [ 1280, 960 ]
camera_matrix: !!opencv-matrix
   rows: 3
   cols: 3
   dt: d
   data: [ 517.3572560978879, 0., 579.01531568116832, 0.,
       513.10969585803298, 608.94052590675881, 0., 0., 1. ]
dist_coeffs: !!opencv-matrix
   rows: 4
   cols: 1
   dt: d
   data: [ -0.28790928337808336, 0.82042217181217514,
       -1.5851043863082037, 0.84874813711670072 ]
project_matrix: !!opencv-matrix
   rows: 3
   cols: 3
   dt: d
   data: [ 1., 0., 0., 0., 1., 0., 0., 0., 1. ]
scale_xy: !!opencv-matrix
   rows: 2
   cols: 1
   dt: f
   data: [ 1., 1. ]
shift_xy: !!opencv-matrix
   rows: 2
   cols: 1
   dt: f
   data: [ 0., 0. ]
